#0
1: 
0,0 96,96

#1
1:
0,0 16,96
80,0 16,96

#2
1:
0,0 16,96 
80,0 16,96
2:
16,0 64,96

#3
1:
0,0 96,16
0,80 96,16

#4
1:
0,0 32, 96
32,0 64,16
64,64 32,32
2:
32,16 64,48
32,64 32,32

#5
1:
0,0 64,16
64,0 32,96
0,64 32,32
2:
0,16 64,48
32,64 32,32

#6
1:
0,0 32,16
64,0 32,96
0,64 64,32
2:
32,0 32,32
0,16 64,48

#7
1:
0,0 32,96
64,0 32,16
32,64 64,32
2:
32,0 32,64
64,16 32,48

#8
1:
0,0 96,16
0,64 96,32
2:
0,16 96,48

#9
1:
0,0 32,16
64,0 32,16
0,64 32,32
64,64 32,32
2:
0,16 96,48
32,0 32,96

#10
1:
0,0 32,16
0,64 32,32
64,0 32,96
2:
0,16 32,48
32,0 32,96

#11
1:
0,0 32,96
64,0 32,16
64,64 32,32
2:
32,0 32,96
64,16 32,48

#12
1:
0,0 32,96
64,0 32,96
2:
32,0 32,96

#13
1:
0,0 96,16 
0,80 96,16
2:
0,16 96,64

#14
1:
2: 
0,0 96,96